baker
0
5
0
5
16
23
24
22
10

catch
0
4
0
7
18
20
15
16
23

trice
0
5
0
5
24
25
18
17
11

taunt
0
4
0
4
19
27
21
16
13

cinch
0
4
0
2
15
24
22
25
13

trite
0
4
0
4
14
22
22
23
15

homer
0
5
0
3
16
26
24
19
12

foyer
0
5
0
2
10
19
19
23
26

found
0
5
1
6
17
22
20
21
14

cater
0
5
1
7
19
22
19
18
15

watch
0
5
1
6
14
18
17
24
20

shake
0
5
1
6
16
23
24
21
9

manly
1
5
0
2
17
37
29
12
2

havoc
1
5
0
2
16
38
30
12
2

usual
1
4
0
3
20
39
27
10
1

knock
1
4
0
3
18
43
27
8
1

soggy
1
4
0
2
18
38
28
11
2

alpha
1
4
0
3
19
40
28
9
1

tibia
1
4
0
1
14
40
30
12
2

leery
1
4
0
3
17
37
28
12
2

whoop
1
4
0
1
16
47
29
7
1

fungi
1
5
0
2
18
41
28
9
1

needy
1
4
0
2
21
41
26
9
1

gruel
1
5
0
3
19
39
29
9
1

patty
1
4
0
2
16
39
29
12
1

smear
1
5
0
2
16
39
29
12
2

bluff
1
4
0
2
14
42
31
10
1

midge
1
5
0
2
18
39
28
10
2

wacky
1
5
0
3
18
39
27
10
2

roomy
1
4
0
2
17
41
28
10
2

lilac
1
4
0
2
17
38
29
12
1

beady
1
5
0
3
19
39
29
10
1

flood
1
4
0
3
20
40
28
8
1

showy
1
5
0
2
16
37
30
13
2

slung
1
5
0
2
16
37
31
13
2

gecko
1
5
0
2
16
38
29
12
2

cheek
1
4
0
3
19
40
28
9
1

wrung
1
5
0
2
18
39
27
12
2

poise
2
5
2
11
34
32
15
6
1

third
2
5
1
10
47
32
9
2
0

slate
2
5
6
14
33
27
13
5
1

chord
2
5
0
7
39
38
13
3
0

braid
2
5
0
10
36
35
14
3
0

adore
2
5
2
17
32
29
15
5
1

tepid
2
5
0
10
38
35
13
3
0

clean
2
5
1
17
36
31
12
3
0

drive
2
5
1
12
32
30
18
6
1

there
2
4
0
14
35
33
14
4
0

rainy
2
5
1
16
38
31
11
3
1

stale
2
5
2
19
30
27
15
6
2

dream
2
5
5
14
31
29
15
4
1

aloud
2
5
1
18
31
30
15
4
1

stein
2
5
1
12
34
32
16
5
1

sloth
2
5
1
10
38
34
13
3
0

grate
2
5
1
14
29
28
16
8
3

saint
2
5
1
14
35
29
15
5
1

stick
2
5
1
9
36
35
14
4
0

chute
2
5
0
11
37
36
12
3
0

doubt
2
5
1
12
32
34
16
4
0

charm
2
5
1
12
32
34
16
5
1

treat
2
4
1
22
32
26
14
5
1

alien
2
5
3
17
31
29
15
4
0

rusty
2
5
0
9
37
34
13
5
1

atone
2
5
2
16
34
29
14
4
1

peach
2
5
1
13
38
32
13
3
0

shine
2
5
1
14
32
30
17
6
1

train
2
5
6
26
32
22
10
3
0

stash
2
4
2
19
34
27
13
4
1

heist
2
5
1
13
32
31
16
6
1

plant
2
5
2
19
39
28
10
3
0

stair
2
5
2
21
36
26
11
4
1

trope
2
5
1
16
33
28
15
6
1

chest
2
5
1
14
35
31
14
5
1

their
2
5
2
14
36
30
13
4
0

tease
2
4
1
16
32
30
16
6
1

thorn
2
5
1
14
38
30
12
4
0

moist
2
5
3
13
32
29
16
7
1

those
2
5
1
13
34
30
15
6
1

point
2
5
1
16
37
28
12
4
1

condo
3
4
0
2
17
35
29
14
3

extra
3
5
1
5
20
35
28
10
1

infer
3
5
0
3
19
33
26
14
3

amber
3
5
0
6
22
33
24
12
3

undue
3
4
0
3
19
35
29
13
2

axiom
3
5
0
5
19
33
27
13
3

snarl
3
5
0
5
21
31
24
15
4

carry
3
4
0
4
22
35
24
12
3

bough
3
5
0
3
17
35
28
13
3

alike
3
5
0
6
20
33
27
12
2

lofty
3
5
0
4
19
34
27
13
3

class
3
4
0
4
21
32
22
13
7

label
3
4
0
4
18
32
29
15
2

cling
3
5
0
4
20
34
27
13
2

quart
3
5
0
5
20
33
27
13
2

elope
3
4
0
4
22
32
26
13
2

agape
3
4
0
2
18
36
27
15
3

awful
3
5
0
5
21
33
27
12
2

gloat
3
5
0
8
21
31
26
12
2

creak
3
5
0
5
21
32
25
14
3

bayou
3
5
0
6
17
33
29
13
2

glass
3
4
0
4
19
33
27
14
3

badge
3
5
0
4
20
35
26
12
2

cargo
3
5
0
5
20
34
27
12
2

ample
3
5
0
4
20
35
27
11
2

squad
3
5
0
3
20
33
27
14
2

purge
3
5
1
4
22
35
26
11
2

slosh
3
4
0
2
19
36
27
13
2

renew
3
4
0
4
20
33
27
13
2

allow
3
4
0
5
21
32
26
14
3

smelt
3
5
0
5
19
33
28
13
2

ahead
3
4
1
5
20
35
26
12
2

rupee
3
4
1
2
17
35
30
13
2

bloke
3
5
1
6
21
32
25
12
2

tacit
3
4
1
4
21
32
26
14
3

caulk
3
5
1
4
20
31
26
15
3

humor
3
5
1
5
22
34
25
11
2

crank
3
5
1
5
23
31
24
14
2

ionic
4
4
0
2
13
25
28
21
11

enjoy
4
5
0
3
12
29
33
20
3

dandy
4
4
0
2
11
23
29
24
11

gully
4
4
0
1
9
27
31
25
7

prize
4
5
0
5
12
20
32
26
5

gauze
4
5
0
2
11
24
31
25
8

hunky
4
5
0
1
11
33
25
22
7

sever
4
4
0
2
13
27
29
21
7

hutch
4
4
0
1
12
28
28
21
9

goose
4
4
0
2
12
28
32
21
5

zesty
4
5
0
2
12
27
30
22
7

askew
4
5
0
3
13
29
32
19
4

fewer
4
4
0
2
10
24
32
26
6

lowly
4
4
0
2
9
26
32
24
8

stove
4
5
0
5
16
24
27
21
6

trove
4
5
1
5
16
24
25
22
8

elder
4
4
1
3
13
24
30
24
5

proxy
4
5
1
2
11
24
31
26
6

abbey
4
4
1
2
13
29
31
20
3

favor
4
5
1
4
15
26
29
21
4

gorge
4
4
1
3
13
27
30
22
4

excel
5
4
0
1
13
34
34
15
2

eject
5
4
0
2
11
35
36
14
2

piney
5
5
0
1
14
37
33
14
2

libel
5
4
0
3
15
32
32
16
2

foggy
5
4
0
2
13
35
32
15
3

howdy
5
5
0
2
13
32
32
17
4

vigor
5
5
0
2
15
35
31
14
2

leave
5
4
0
4
16
34
31
12
1

woven
5
5
0
2
13
32
32
17
3

motto
5
3
0
1
11
36
36
14
1

wedge
5
4
0
2
11
32
37
17
2

madam
5
3
0
3
13
35
34
14
2

egret
5
4
0
3
14
33
33
15
2

droll
5
4
0
2
16
31
31
17
3

gloom
5
4
0
2
14
35
35
13
1

delve
5
4
0
2
14
32
33
16
2

foray
5
5
0
2
14
31
31
19
4

comma
5
4
0
2
13
33
33
17
3

natal
5
4
0
2
14
32
32
17
3

epoxy
5
5
0
2
13
31
33
18
3

woken
6
5
0
2
10
25
36
23
4

waltz
6
5
0
2
11
29
35
19
3

booze
6
4
0
1
7
27
38
23
4

buggy
6
4
0
1
9
29
34
22
5

fluff
6
3
0
0
4
25
44
23
4

gawky
6
5
0
1
5
22
33
28
10

cacao
6
3
0
1
9
27
36
23
4

vouch
6
5
0
2
9
25
33
24
6

canny
6
4
0
2
10
30
34
20
4

forgo
6
4
0
1
9
26
37
23
3

larva
6
4
0
2
10
25
35
23
4

oxide
6
5
0
2
11
30
33
21
4

vivid
6
3
1
2
10
29
33
21
4

knoll
6
4
1
1
11
29
33
21
4

lunar
7
5
0
5
32
40
17
4
0

spoke
7
5
0
6
31
38
19
5
0

apply
7
4
0
5
28
38
22
7
1

happy
7
4
0
6
28
39
19
6
1

itchy
7
5
0
8
28
40
18
5
1

glyph
7
5
0
2
23
49
20
5
1

maple
7
5
1
6
26
36
21
8
1

photo
7
4
0
5
34
43
15
3
0

inept
7
5
0
6
30
39
20
6
1

sneak
7
5
0
7
28
36
21
7
1

flout
7
5
0
6
28
37
21
7
1

denim
7
5
0
5
29
40
20
5
0

valid
7
5
0
4
28
38
21
8
1

twine
7
5
0
6
28
40
20
5
1

glory
7
5
0
6
30
39
19
5
0

thyme
7
5
1
5
24
41
23
5
0

theme
7
4
0
8
29
40
18
4
0

onset
7
5
0
4
29
40
21
6
1

chief
7
5
1
6
32
38
18
5
0

twice
7
5
1
6
28
38
21
6
1

upset
7
5
0
5
30
38
20
6
1

tryst
7
4
0
3
26
41
23
6
1

angry
7
5
0
5
27
38
21
7
1

bland
7
5
0
7
31
38
18
4
0

pinto
7
5
0
5
25
41
22
6
1

input
7
5
0
5
30
38
21
6
1

apron
7
5
0
7
30
38
19
5
1

piety
7
5
0
4
25
41
22
7
1

depth
7
5
0
6
28
39
20
6
1

atoll
7
4
0
6
28
36
21
8
1

crept
7
5
0
4
27
38
22
7
1

money
7
5
1
7
26
36
21
8
1

chunk
7
5
1
4
29
42
18
5
1

depot
7
5
0
5
29
36
20
7
1

crimp
7
5
1
5
28
38
20
7
1

judge
8
5
0
2
8
16
26
33
14

mummy
8
3
0
1
4
14
27
37
18

coyly
8
4
0
0
4
17
28
35
15

swill
8
4
1
1
8
19
31
30
10

brave
9
5
1
6
17
27
27
18
5

grove
9
5
0
4
18
30
28
17
3

ruder
9
4
0
2
16
33
29
16
4

waste
9
5
1
7
19
27
24
17
5

poker
9
5
0
4
17
30
27
17
5

khaki
9
4
0
2
17
33
28
16
4

youth
9
5
1
5
17
31
29
15
3

power
9
5
2
6
19
29
24
15
4

liver
9
5
0
4
16
26
25
20
8

stead
9
5
1
6
20
27
28
16
3

gamer
9
5
1
4
17
28
26
18
6

yield
9
5
0
4
16
29
29
18
4

shawl
9
5
0
3
16
31
30
16
3

snout
9
5
1
4
19
27
26
18
5

shall
9
4
0
3
17
30
28
17
4

nymph
9
5
1
2
18
44
26
26
9

movie
9
5
1
5
18
30
26
16
3

sweet
9
4
1
5
18
31
28
15
2

dodge
9
4
1
3
15
29
27
19
7

ulcer
9
5
1
4
18
30
28
16
3

skill
9
4
1
3
17
33
27
16
3

perky
9
5
1
4
17
30
27
17
4

wince
9
5
1
3
17
33
29
15
3

tangy
9
5
1
4
21
30
24
15
5

query
9
5
1
4
16
30
30
17
2

aorta
10
4
0
7
26
35
20
10
3

taper
10
5
0
8
28
30
20
11
3

probe
10
5
0
6
24
32
24
11
3

rival
10
5
0
7
27
35
22
8
1

naive
10
5
1
7
24
32
24
11
1

prime
10
5
1
10
26
32
21
9
1

avert
10
5
0
7
26
35
22
9
1

inane
10
4
0
8
25
30
21
13
3

fault
10
5
0
7
27
35
22
8
1

admit
10
5
0
10
25
34
22
8
1

cramp
10
5
1
8
26
33
19
10
2

stomp
10
5
0
7
26
32
21
11
2

loser
10
5
1
10
28
32
19
8
2

girth
10
5
0
6
23
33
23
12
3

manor
10
5
0
6
27
34
21
10
2

asset
10
4
0
7
28
34
21
8
1

farce
10
5
0
9
26
32
21
9
1

hairy
10
5
1
8
24
33
23
10
1

inert
10
5
0
7
27
34
22
9
1

olive
10
5
1
6
25
34
23
10
1

brine
10
5
1
9
25
29
22
12
3

nasty
10
5
1
7
26
31
21
11
2

spill
10
4
1
5
26
34
22
10
2

other
10
5
1
9
26
30
21
10
2

aroma
10
4
1
6
25
33
22
11
2

cynic
10
4
1
6
25
33
22
11
2

pause
10
5
1
8
26
32
21
10
2

pleat
10
5
1
10
28
31
19
9
2

sugar
10
5
1
6
25
34
23
9
1

feast
11
5
5
13
25
27
19
10
2

night
11
5
1
8
27
27
17
13
7

story
11
5
1
10
23
29
24
11
2

shame
11
5
1
11
22
25
21
15
5

scare
11
5
1
12
23
26
21
13
4

frame
11
5
1
10
20
24
24
17
3

shard
11
5
1
7
22
28
25
14
4

light
11
5
1
10
25
27
19
12
5

joust
12
5
0
6
29
34
21
8
2

torso
12
4
0
4
35
36
17
6
1

chafe
12
5
0
6
30
33
19
9
2

study
12
5
0
6
30
33
19
10
2

unite
12
5
1
11
31
33
18
5
1

spiel
12
5
0
7
32
36
19
6
1

spade
12
5
1
8
29
36
19
6
1

march
12
5
0
9
30
35
19
6
1

sting
12
5
1
10
30
33
18
8
2

scorn
12
5
0
8
31
35
20
6
1

recap
12
5
0
5
30
35
21
8
1

irony
12
5
0
6
29
34
21
8
1

clown
12
5
1
8
29
36
20
6
1

merit
12
5
0
7
33
37
17
5
0

float
12
5
1
12
30
32
18
6
1

tiara
12
4
0
8
36
33
17
6
1

scrap
12
5
1
9
28
34
20
8
1

scour
12
5
0
8
34
35
17
5
1

metal
12
5
1
10
31
34
18
7
1

tipsy
12
5
0
6
33
38
17
5
1

flair
12
5
1
8
30
36
18
6
1

black
12
5
1
10
31
34
18
6
1

saute
12
5
1
8
31
34
19
6
1

today
12
5
1
7
29
35
20
7
1

lapse
12
5
0
8
31
34
19
7
1

hoard
12
5
1
9
30
34
19
7
1

cloth
12
5
1
8
33
34
17
7
1

mourn
12
5
1
8
29
34
19
8
1

choke
12
5
1
8
30
36
18
6
1

chant
12
5
1
9
33
33
16
7
1

robin
12
5
1
6
29
34
21
8
1

could
12
5
1
7
29
35
20
8
1

mount
12
5
1
9
29
33
19
7
1

prick
12
5
1
8
30
33
19
7
1

robot
12
4
1
8
29
34
20
8
1

shire
12
5
1
8
32
32
18
8
2

solar
12
5
1
9
32
32
18
7
1

panic
12
5
1
9
35
34
16
5
1

drink
12
5
1
9
35
34
16
5
1

parer
13
4
0
0
4
11
15
22
48

molar
14
5
0
4
21
38
26
9
1

impel
14
5
0
3
21
40
25
9
1

valet
14
5
0
4
22
38
25
9
1

medal
14
5
0
5
25
38
23
8
1

spell
14
4
0
4
24
37
24
9
1

begin
14
5
0
6
26
36
23
7
1

aptly
14
5
0
3
26
41
23
7
1

quirk
14
5
0
3
23
39
24
9
2

exist
14
5
0
5
24
38
23
8
1

floor
14
4
0
3
23
44
24
6
0

equal
14
5
0
5
23
35
25
11
2

scald
14
5
0
4
23
36
24
11
2

usurp
14
4
0
3
21
38
26
9
1

brisk
14
5
0
5
23
38
24
7
1

inter
14
5
0
6
25
36
23
8
1

shrug
14
5
0
4
23
36
26
10
1

twang
14
5
0
3
22
43
25
7
1

glean
14
5
0
6
23
37
24
8
1

unfit
14
5
0
3
24
38
25
9
1

rhyme
14
5
0
4
22
39
25
8
1

aphid
14
5
0
6
24
36
23
9
2

flock
14
5
0
4
22
37
27
9
1

berth
14
5
0
7
24
35
24
9
1

voice
14
5
1
5
24
35
25
9
1

field
14
5
1
6
25
36
23
9
1

retro
14
4
0
6
24
35
24
9
1

smite
14
5
0
6
23
35
24
11
2

brink
14
5
0
4
22
41
24
7
1

blown
14
5
0
6
23
35
26
10
1

primo
14
5
0
3
22
38
25
10
2

donor
14
4
0
3
27
38
23
7
1

trait
14
4
0
6
22
35
24
11
2

froth
14
5
0
5
22
35
25
11
1

album
14
5
0
5
26
35
24
9
1

hinge
14
5
0
5
25
37
22
9
2

being
14
5
0
4
22
37
26
10
1

midst
14
5
0
3
25
39
24
9
1

shown
14
5
0
6
26
36
22
8
1

mince
14
5
0
6
24
35
24
10
1

royal
14
5
1
5
24
36
23
9
1

focus
14
5
1
4
23
36
24
10
1

month
14
5
1
5
26
37
22
8
1

ultra
14
5
1
7
23
34
24
10
1

aloft
14
5
1
4
22
36
25
11
2

whack
14
5
1
4
22
37
24
10
2

slump
14
5
1
3
23
39
24
9
1

