0
0.0
1.0
2.0
8.0
23.0
34.0
36.0
49.0
15.0
21.0
3.0
6.0
0.0
1.0
1
0.0
1.0
3.0
8.0
24.0
31.0
33.0
41.0
19.0
24.0
5.0
10.0
0.0
2.0
2
0.0
1.0
1.0
5.0
7.0
16.0
24.0
33.0
25.0
38.0
17.0
23.0
2.0
11.0
3
0.0
1.0
1.0
4.0
11.0
19.0
32.0
44.0
26.0
36.0
10.0
26.0
1.0
9.0
4
0.0
1.0
1.0
6.0
16.0
25.0
32.0
47.0
23.0
29.0
6.0
13.0
0.0
3.0
5
0.0
1.0
0.0
5.0
4.0
13.0
14.0
27.0
26.0
44.0
23.0
37.0
4.0
18.0
6
0.0
0.0
0.0
0.0
4.0
4.0
11.0
11.0
15.0
15.0
22.0
22.0
48.0
48.0
7
0.0
1.0
4.0
8.0
21.0
27.0
30.0
36.0
20.0
26.0
9.0
14.0
1.0
7.0
8
0.0
1.0
7.0
13.0
36.0
47.0
32.0
38.0
9.0
14.0
2.0
5.0
0.0
1.0
9
0.0
2.0
2.0
7.0
15.0
22.0
26.0
34.0
24.0
31.0
13.0
20.0
2.0
8.0
10
0.0
6.0
13.0
26.0
30.0
39.0
22.0
33.0
10.0
17.0
3.0
7.0
0.0
2.0
11
0.0
1.0
8.0
14.0
25.0
30.0
28.0
35.0
16.0
22.0
6.0
11.0
1.0
3.0
12
0.0
2.0
4.0
13.0
31.0
36.0
30.0
36.0
15.0
19.0
4.0
8.0
0.0
2.0
13
1.0
5.0
8.0
13.0
20.0
27.0
24.0
29.0
17.0
24.0
10.0
17.0
2.0
7.0
14
0.0
1.0
2.0
7.0
10.0
24.0
18.0
27.0
15.0
25.0
16.0
25.0
8.0
26.0
