lunar
0
5
0
5
32
40
17
4
0

spoke
0
5
0
6
31
38
19
5
0

happy
0
4
0
6
28
39
19
6
1

itchy
0
5
0
8
28
40
18
5
1

glyph
0
5
0
2
23
49
20
5
1

photo
0
4
0
5
34
43
15
3
0

inept
0
5
0
6
30
39
20
6
1

spiel
0
5
0
7
32
36
19
6
1

denim
0
5
0
5
29
40
20
5
0

twine
0
5
0
6
28
40
20
5
1

glory
0
5
0
6
30
39
19
5
0

theme
0
4
0
8
29
40
18
4
0

onset
0
5
0
4
29
40
21
6
1

chief
0
5
1
6
32
38
18
5
0

merit
0
5
0
7
33
37
17
5
0

upset
0
5
0
5
30
38
20
6
1

bland
0
5
0
7
31
38
18
4
0

input
0
5
0
5
30
38
21
6
1

apron
0
5
0
7
30
38
19
5
1

depth
0
5
0
6
28
39
20
6
1

tipsy
0
5
0
6
33
38
17
5
1

flair
0
5
1
8
30
36
18
6
1

chunk
0
5
1
4
29
42
18
5
1

choke
0
5
1
8
30
36
18
6
1

rival
1
5
0
7
27
35
22
8
1

apply
1
4
0
5
28
38
22
7
1

joust
1
5
0
6
29
34
21
8
2

chafe
1
5
0
6
30
33
19
9
2

study
1
5
0
6
30
33
19
10
2

avert
1
5
0
7
26
35
22
9
1

maple
1
5
1
6
26
36
21
8
1

medal
1
5
0
5
25
38
23
8
1

begin
1
5
0
6
26
36
23
7
1

aptly
1
5
0
3
26
41
23
7
1

sneak
1
5
0
7
28
36
21
7
1

flout
1
5
0
6
28
37
21
7
1

fault
1
5
0
7
27
35
22
8
1

spade
1
5
1
8
29
36
19
6
1

valid
1
5
0
4
28
38
21
8
1

scorn
1
5
0
8
31
35
20
6
1

recap
1
5
0
5
30
35
21
8
1

thyme
1
5
1
5
24
41
23
5
0

inter
1
5
0
6
25
36
23
8
1

irony
1
5
0
6
29
34
21
8
1

clown
1
5
1
8
29
36
20
6
1

twice
1
5
1
6
28
38
21
6
1

tryst
1
4
0
3
26
41
23
6
1

angry
1
5
0
5
27
38
21
7
1

field
1
5
1
6
25
36
23
9
1

pinto
1
5
0
5
25
41
22
6
1

donor
1
4
0
3
27
38
23
7
1

piety
1
5
0
4
25
41
22
7
1

atoll
1
4
0
6
28
36
21
8
1

crept
1
5
0
4
27
38
22
7
1

asset
1
4
0
7
28
34
21
8
1

album
1
5
0
5
26
35
24
9
1

hinge
1
5
0
5
25
37
22
9
2

money
1
5
1
7
26
36
21
8
1

shown
1
5
0
6
26
36
22
8
1

inert
1
5
0
7
27
34
22
9
1

depot
1
5
0
5
29
36
20
7
1

today
1
5
1
7
29
35
20
7
1

month
1
5
1
5
26
37
22
8
1

robin
1
5
1
6
29
34
21
8
1

could
1
5
1
7
29
35
20
8
1

crimp
1
5
1
5
28
38
20
7
1

robot
1
4
1
8
29
34
20
8
1

waltz
2
5
0
2
11
29
35
19
3

ionic
2
4
0
2
13
25
28
21
11

enjoy
2
5
0
3
12
29
33
20
3

booze
2
4
0
1
7
27
38
23
4

hunky
2
5
0
1
11
33
25
22
7

buggy
2
4
0
1
9
29
34
22
5

wedge
2
4
0
2
11
32
37
17
2

sever
2
4
0
2
13
27
29
21
7

hutch
2
4
0
1
12
28
28
21
9

cacao
2
3
0
1
9
27
36
23
4

goose
2
4
0
2
12
28
32
21
5

canny
2
4
0
2
10
30
34
20
4

forgo
2
4
0
1
9
26
37
23
3

zesty
2
5
0
2
12
27
30
22
7

askew
2
5
0
3
13
29
32
19
4

oxide
2
5
0
2
11
30
33
21
4

foray
2
5
0
2
14
31
31
19
4

stove
2
5
0
5
16
24
27
21
6

epoxy
2
5
0
2
13
31
33
18
3

vivid
2
3
1
2
10
29
33
21
4

knoll
2
4
1
1
11
29
33
21
4

abbey
2
4
1
2
13
29
31
20
3

favor
2
5
1
4
15
26
29
21
4

gorge
2
4
1
3
13
27
30
22
4

manly
3
5
0
2
17
37
29
12
2

havoc
3
5
0
2
16
38
30
12
2

condo
3
4
0
2
17
35
29
14
3

excel
3
4
0
1
13
34
34
15
2

eject
3
4
0
2
11
35
36
14
2

undue
3
4
0
3
19
35
29
13
2

piney
3
5
0
1
14
37
33
14
2

libel
3
4
0
3
15
32
32
16
2

foggy
3
4
0
2
13
35
32
15
3

howdy
3
5
0
2
13
32
32
17
4

vigor
3
5
0
2
15
35
31
14
2

bough
3
5
0
3
17
35
28
13
3

leave
3
4
0
4
16
34
31
12
1

tibia
3
4
0
1
14
40
30
12
2

leery
3
4
0
3
17
37
28
12
2

ruder
3
4
0
2
16
33
29
16
4

woven
3
5
0
2
13
32
32
17
3

patty
3
4
0
2
16
39
29
12
1

smear
3
5
0
2
16
39
29
12
2

bluff
3
4
0
2
14
42
31
10
1

motto
3
3
0
1
11
36
36
14
1

madam
3
3
0
3
13
35
34
14
2

agape
3
4
0
2
18
36
27
15
3

lilac
3
4
0
2
17
38
29
12
1

egret
3
4
0
3
14
33
33
15
2

gloom
3
4
0
2
14
35
35
13
1

showy
3
5
0
2
16
37
30
13
2

delve
3
4
0
2
14
32
33
16
2

slung
3
5
0
2
16
37
31
13
2

gecko
3
5
0
2
16
38
29
12
2

comma
3
4
0
2
13
33
33
17
3

natal
3
4
0
2
14
32
32
17
3

nymph
3
5
1
2
18
44
26
26
9

rupee
3
4
1
2
17
35
30
13
2

molar
4
5
0
4
21
38
26
9
1

impel
4
5
0
3
21
40
25
9
1

extra
4
5
1
5
20
35
28
10
1

usual
4
4
0
3
20
39
27
10
1

knock
4
4
0
3
18
43
27
8
1

valet
4
5
0
4
22
38
25
9
1

spell
4
4
0
4
24
37
24
9
1

carry
4
4
0
4
22
35
24
12
3

quirk
4
5
0
3
23
39
24
9
2

exist
4
5
0
5
24
38
23
8
1

floor
4
4
0
3
23
44
24
6
0

equal
4
5
0
5
23
35
25
11
2

scald
4
5
0
4
23
36
24
11
2

usurp
4
4
0
3
21
38
26
9
1

soggy
4
4
0
2
18
38
28
11
2

brisk
4
5
0
5
23
38
24
7
1

alike
4
5
0
6
20
33
27
12
2

alpha
4
4
0
3
19
40
28
9
1

whoop
4
4
0
1
16
47
29
7
1

fungi
4
5
0
2
18
41
28
9
1

needy
4
4
0
2
21
41
26
9
1

shrug
4
5
0
4
23
36
26
10
1

twang
4
5
0
3
22
43
25
7
1

gruel
4
5
0
3
19
39
29
9
1

glean
4
5
0
6
23
37
24
8
1

cling
4
5
0
4
20
34
27
13
2

unfit
4
5
0
3
24
38
25
9
1

rhyme
4
5
0
4
22
39
25
8
1

elope
4
4
0
4
22
32
26
13
2

midge
4
5
0
2
18
39
28
10
2

flock
4
5
0
4
22
37
27
9
1

wacky
4
5
0
3
18
39
27
10
2

roomy
4
4
0
2
17
41
28
10
2

voice
4
5
1
5
24
35
25
9
1

beady
4
5
0
3
19
39
29
10
1

brink
4
5
0
4
22
41
24
7
1

awful
4
5
0
5
21
33
27
12
2

blown
4
5
0
6
23
35
26
10
1

primo
4
5
0
3
22
38
25
10
2

trait
4
4
0
6
22
35
24
11
2

flood
4
4
0
3
20
40
28
8
1

froth
4
5
0
5
22
35
25
11
1

being
4
5
0
4
22
37
26
10
1

midst
4
5
0
3
25
39
24
9
1

badge
4
5
0
4
20
35
26
12
2

cargo
4
5
0
5
20
34
27
12
2

ample
4
5
0
4
20
35
27
11
2

cheek
4
4
0
3
19
40
28
9
1

royal
4
5
1
5
24
36
23
9
1

purge
4
5
1
4
22
35
26
11
2

slosh
4
4
0
2
19
36
27
13
2

focus
4
5
1
4
23
36
24
10
1

ahead
4
4
1
5
20
35
26
12
2

humor
4
5
1
5
22
34
25
11
2

aloft
4
5
1
4
22
36
25
11
2

wrung
4
5
0
2
18
39
27
12
2

whack
4
5
1
4
22
37
24
10
2

slump
4
5
1
3
23
39
24
9
1

judge
5
5
0
2
8
16
26
33
14

woken
5
5
0
2
10
25
36
23
4

mummy
5
3
0
1
4
14
27
37
18

dandy
5
4
0
2
11
23
29
24
11

gully
5
4
0
1
9
27
31
25
7

prize
5
5
0
5
12
20
32
26
5

gauze
5
5
0
2
11
24
31
25
8

coyly
5
4
0
0
4
17
28
35
15

fluff
5
3
0
0
4
25
44
23
4

gawky
5
5
0
1
5
22
33
28
10

vouch
5
5
0
2
9
25
33
24
6

larva
5
4
0
2
10
25
35
23
4

fewer
5
4
0
2
10
24
32
26
6

lowly
5
4
0
2
9
26
32
24
8

swill
5
4
1
1
8
19
31
30
10

elder
5
4
1
3
13
24
30
24
5

proxy
5
5
1
2
11
24
31
26
6

parer
6
4
0
0
4
11
15
22
48

aorta
7
4
0
7
26
35
20
10
3

probe
7
5
0
6
24
32
24
11
3

naive
7
5
1
7
24
32
24
11
1

amber
7
5
0
6
22
33
24
12
3

inane
7
4
0
8
25
30
21
13
3

class
7
4
0
4
21
32
22
13
7

stomp
7
5
0
7
26
32
21
11
2

aphid
7
5
0
6
24
36
23
9
2

berth
7
5
0
7
24
35
24
9
1

retro
7
4
0
6
24
35
24
9
1

smite
7
5
0
6
23
35
24
11
2

gloat
7
5
0
8
21
31
26
12
2

girth
7
5
0
6
23
33
23
12
3

manor
7
5
0
6
27
34
21
10
2

hairy
7
5
1
8
24
33
23
10
1

olive
7
5
1
6
25
34
23
10
1

mince
7
5
0
6
24
35
24
10
1

nasty
7
5
1
7
26
31
21
11
2

spill
7
4
1
5
26
34
22
10
2

bloke
7
5
1
6
21
32
25
12
2

aroma
7
4
1
6
25
33
22
11
2

cynic
7
4
1
6
25
33
22
11
2

ultra
7
5
1
7
23
34
24
10
1

pause
7
5
1
8
26
32
21
10
2

sugar
7
5
1
6
25
34
23
9
1

crank
7
5
1
5
23
31
24
14
2

third
8
5
1
10
47
32
9
2
0

chord
8
5
0
7
39
38
13
3
0

braid
8
5
0
10
36
35
14
3
0

tepid
8
5
0
10
38
35
13
3
0

sloth
8
5
1
10
38
34
13
3
0

stick
8
5
1
9
36
35
14
4
0

chute
8
5
0
11
37
36
12
3
0

rusty
8
5
0
9
37
34
13
5
1

peach
8
5
1
13
38
32
13
3
0

infer
9
5
0
3
19
33
26
14
3

axiom
9
5
0
5
19
33
27
13
3

brave
9
5
1
6
17
27
27
18
5

snarl
9
5
0
5
21
31
24
15
4

grove
9
5
0
4
18
30
28
17
3

lofty
9
5
0
4
19
34
27
13
3

waste
9
5
1
7
19
27
24
17
5

poker
9
5
0
4
17
30
27
17
5

khaki
9
4
0
2
17
33
28
16
4

label
9
4
0
4
18
32
29
15
2

youth
9
5
1
5
17
31
29
15
3

quart
9
5
0
5
20
33
27
13
2

power
9
5
2
6
19
29
24
15
4

liver
9
5
0
4
16
26
25
20
8

stead
9
5
1
6
20
27
28
16
3

droll
9
4
0
2
16
31
31
17
3

creak
9
5
0
5
21
32
25
14
3

bayou
9
5
0
6
17
33
29
13
2

gamer
9
5
1
4
17
28
26
18
6

glass
9
4
0
4
19
33
27
14
3

yield
9
5
0
4
16
29
29
18
4

squad
9
5
0
3
20
33
27
14
2

shawl
9
5
0
3
16
31
30
16
3

snout
9
5
1
4
19
27
26
18
5

shall
9
4
0
3
17
30
28
17
4

renew
9
4
0
4
20
33
27
13
2

allow
9
4
0
5
21
32
26
14
3

movie
9
5
1
5
18
30
26
16
3

smelt
9
5
0
5
19
33
28
13
2

sweet
9
4
1
5
18
31
28
15
2

tacit
9
4
1
4
21
32
26
14
3

dodge
9
4
1
3
15
29
27
19
7

caulk
9
5
1
4
20
31
26
15
3

ulcer
9
5
1
4
18
30
28
16
3

skill
9
4
1
3
17
33
27
16
3

shard
9
5
1
7
22
28
25
14
4

perky
9
5
1
4
17
30
27
17
4

wince
9
5
1
3
17
33
29
15
3

tangy
9
5
1
4
21
30
24
15
5

query
9
5
1
4
16
30
30
17
2

slate
10
5
6
14
33
27
13
5
1

adore
10
5
2
17
32
29
15
5
1

clean
10
5
1
17
36
31
12
3
0

there
10
4
0
14
35
33
14
4
0

rainy
10
5
1
16
38
31
11
3
1

stale
10
5
2
19
30
27
15
6
2

dream
10
5
5
14
31
29
15
4
1

aloud
10
5
1
18
31
30
15
4
1

saint
10
5
1
14
35
29
15
5
1

treat
10
4
1
22
32
26
14
5
1

alien
10
5
3
17
31
29
15
4
0

atone
10
5
2
16
34
29
14
4
1

shine
10
5
1
14
32
30
17
6
1

train
10
5
6
26
32
22
10
3
0

stash
10
4
2
19
34
27
13
4
1

plant
10
5
2
19
39
28
10
3
0

stair
10
5
2
21
36
26
11
4
1

trope
10
5
1
16
33
28
15
6
1

chest
10
5
1
14
35
31
14
5
1

their
10
5
2
14
36
30
13
4
0

tease
10
4
1
16
32
30
16
6
1

thorn
10
5
1
14
38
30
12
4
0

moist
10
5
3
13
32
29
16
7
1

those
10
5
1
13
34
30
15
6
1

point
10
5
1
16
37
28
12
4
1

taper
11
5
0
8
28
30
20
11
3

prime
11
5
1
10
26
32
21
9
1

march
11
5
0
9
30
35
19
6
1

sting
11
5
1
10
30
33
18
8
2

admit
11
5
0
10
25
34
22
8
1

grate
11
5
1
14
29
28
16
8
3

cramp
11
5
1
8
26
33
19
10
2

loser
11
5
1
10
28
32
19
8
2

float
11
5
1
12
30
32
18
6
1

scrap
11
5
1
9
28
34
20
8
1

farce
11
5
0
9
26
32
21
9
1

hoard
11
5
1
9
30
34
19
7
1

mourn
11
5
1
8
29
34
19
8
1

other
11
5
1
9
26
30
21
10
2

pleat
11
5
1
10
28
31
19
9
2

mount
11
5
1
9
29
33
19
7
1

prick
11
5
1
8
30
33
19
7
1

poise
12
5
2
11
34
32
15
6
1

torso
12
4
0
4
35
36
17
6
1

drive
12
5
1
12
32
30
18
6
1

unite
12
5
1
11
31
33
18
5
1

stein
12
5
1
12
34
32
16
5
1

doubt
12
5
1
12
32
34
16
4
0

charm
12
5
1
12
32
34
16
5
1

tiara
12
4
0
8
36
33
17
6
1

scour
12
5
0
8
34
35
17
5
1

metal
12
5
1
10
31
34
18
7
1

heist
12
5
1
13
32
31
16
6
1

black
12
5
1
10
31
34
18
6
1

saute
12
5
1
8
31
34
19
6
1

lapse
12
5
0
8
31
34
19
7
1

cloth
12
5
1
8
33
34
17
7
1

chant
12
5
1
9
33
33
16
7
1

shire
12
5
1
8
32
32
18
8
2

solar
12
5
1
9
32
32
18
7
1

panic
12
5
1
9
35
34
16
5
1

drink
12
5
1
9
35
34
16
5
1

feast
13
5
5
13
25
27
19
10
2

night
13
5
1
8
27
27
17
13
7

story
13
5
1
10
23
29
24
11
2

shame
13
5
1
11
22
25
21
15
5

scare
13
5
1
12
23
26
21
13
4

brine
13
5
1
9
25
29
22
12
3

frame
13
5
1
10
20
24
24
17
3

light
13
5
1
10
25
27
19
12
5

baker
14
5
0
5
16
23
24
22
10

catch
14
4
0
7
18
20
15
16
23

trice
14
5
0
5
24
25
18
17
11

taunt
14
4
0
4
19
27
21
16
13

cinch
14
4
0
2
15
24
22
25
13

trite
14
4
0
4
14
22
22
23
15

homer
14
5
0
3
16
26
24
19
12

foyer
14
5
0
2
10
19
19
23
26

found
14
5
1
6
17
22
20
21
14

cater
14
5
1
7
19
22
19
18
15

watch
14
5
1
6
14
18
17
24
20

trove
14
5
1
5
16
24
25
22
8

shake
14
5
1
6
16
23
24
21
9

