molar
4
5
0
4
21
38
26
9
1

impel
4
5
0
3
21
40
25
9
1

extra
4
5
1
5
20
35
28
10
1

usual
4
4
0
3
20
39
27
10
1

knock
4
4
0
3
18
43
27
8
1

valet
4
5
0
4
22
38
25
9
1

spell
4
4
0
4
24
37
24
9
1

carry
4
4
0
4
22
35
24
12
3

quirk
4
5
0
3
23
39
24
9
2

exist
4
5
0
5
24
38
23
8
1

floor
4
4
0
3
23
44
24
6
0

equal
4
5
0
5
23
35
25
11
2

scald
4
5
0
4
23
36
24
11
2

usurp
4
4
0
3
21
38
26
9
1

soggy
4
4
0
2
18
38
28
11
2

brisk
4
5
0
5
23
38
24
7
1

alike
4
5
0
6
20
33
27
12
2

alpha
4
4
0
3
19
40
28
9
1

whoop
4
4
0
1
16
47
29
7
1

fungi
4
5
0
2
18
41
28
9
1

needy
4
4
0
2
21
41
26
9
1

shrug
4
5
0
4
23
36
26
10
1

twang
4
5
0
3
22
43
25
7
1

gruel
4
5
0
3
19
39
29
9
1

glean
4
5
0
6
23
37
24
8
1

cling
4
5
0
4
20
34
27
13
2

unfit
4
5
0
3
24
38
25
9
1

rhyme
4
5
0
4
22
39
25
8
1

elope
4
4
0
4
22
32
26
13
2

midge
4
5
0
2
18
39
28
10
2

flock
4
5
0
4
22
37
27
9
1

wacky
4
5
0
3
18
39
27
10
2

roomy
4
4
0
2
17
41
28
10
2

voice
4
5
1
5
24
35
25
9
1

beady
4
5
0
3
19
39
29
10
1

brink
4
5
0
4
22
41
24
7
1

awful
4
5
0
5
21
33
27
12
2

blown
4
5
0
6
23
35
26
10
1

primo
4
5
0
3
22
38
25
10
2

trait
4
4
0
6
22
35
24
11
2

flood
4
4
0
3
20
40
28
8
1

froth
4
5
0
5
22
35
25
11
1

being
4
5
0
4
22
37
26
10
1

midst
4
5
0
3
25
39
24
9
1

badge
4
5
0
4
20
35
26
12
2

cargo
4
5
0
5
20
34
27
12
2

ample
4
5
0
4
20
35
27
11
2

cheek
4
4
0
3
19
40
28
9
1

royal
4
5
1
5
24
36
23
9
1

purge
4
5
1
4
22
35
26
11
2

slosh
4
4
0
2
19
36
27
13
2

focus
4
5
1
4
23
36
24
10
1

ahead
4
4
1
5
20
35
26
12
2

humor
4
5
1
5
22
34
25
11
2

aloft
4
5
1
4
22
36
25
11
2

wrung
4
5
0
2
18
39
27
12
2

whack
4
5
1
4
22
37
24
10
2

slump
4
5
1
3
23
39
24
9
1
